1800
1771
1794
1771
1805
1773
1778
1783
1769
1753
1774
1791
1786
1775
1776
1796
1892
1765
1784
1779
1764
1762
1781
1762
1772
1787
1763
1749
1770
1785
1769
1777
1750
1863
1778
1766
1754
1773
1791
1662
1786
1849
1782
1769
1790
1822
1778
1799
1781
1810
1781
1795
1845
1849
1836
1798
1766
1751
1802
1774
1808
1769
1818
1797
1815
1808
1787
1787
1814
1773
1800
1858
1759
1810
1776
1768
1823
1759
1782
1783
1789
1871
1753
1797
1751
1753
1798
1798
1807
1770
1784
1827
1793
1740
1804
1773
1805
1798
1776
1777
