8280
8009
7795
7779
7741
7808
7924
7682
7766
7795
7663
7861
7560
8100
8234
7906
7630
7965
8001
7876
7801
7640
7781
7817
7868
7078
7591
7734
7868
7857
7752
7675
8092
7965
7982
8064
8269
8380
8093
8128
7989
7823
7763
7961
7949
7602
7725
7281
8090
7499
7918
7973
7891
7559
6888
7650
8032
8037
7869
7920
8270
7930
7971
7771
7951
7676
7940
7859
7987
7809
7884
7770
7378
6769
7713
7942
8017
7890
8207
7730
7786
7959
7974
7780
7829
7926
8014
7926
7762
8013
7981
7536
7593
7705
7849
7672
7872
7925
7387
8029
