7981
8306
8303
8272
8105
8584
8696
8616
8352
8357
8330
8286
8270
8376
8372
8344
8367
8215
8239
8275
8114
8199
8280
8210
8392
8291
8507
8890
8343
8504
8426
8325
8369
8415
8374
8418
8306
8398
8338
8357
8270
8231
8317
8223
8341
7021
8263
8171
8517
8639
8479
8581
8553
8421
8389
8387
8316
8416
8388
8382
8281
8344
8330
8402
8450
8292
8078
7717
8525
8476
8396
8422
8459
8437
8381
7686
8381
8418
8438
8482
8251
8401
8220
8293
8410
8254
8270
8658
8355
8340
8043
8433
8443
8676
8546
8649
8596
8339
8403
8319
